[ [ 0,
    11674316,
    5574784,
    9071114,
    17335486,
    5428019,
    14252174,
    8496218,
    6071598,
    11844090,
    12854102,
    9112077,
    11555156,
    7079661,
    2272679,
    17529330,
    14871289 ],
  [ 11674316,
    0,
    11914325,
    9525548,
    6523355,
    6249511,
    13798268,
    19073430,
    9341597,
    13780765,
    1205297,
    2965238,
    10619378,
    15284733,
    9420750,
    10747781,
    12816248 ],
  [ 5574784,
    11914325,
    0,
    14636867,
    16368753,
    8047778,
    13342930,
    8954546,
    2577196,
    14345827,
    12418378,
    11378248,
    16563120,
    10664039,
    5989376,
    13013912,
    14445165 ],
  [ 9071114,
    9525548,
    14636867,
    0,
    8867507,
    8654683,
    9498706,
    9589111,
    14442643,
    6127654,
    9972086,
    7649399,
    3077725,
    5897982,
    9158275,
    11960069,
    8817768 ],
  [ 17335486,
    6523355,
    16368753,
    8867507,
    0,
    12439494,
    7275343,
    13054359,
    14697902,
    8310835,
    5511354,
    8587793,
    7098725,
    12774254,
    15572583,
    5077735,
    6312632 ],
  [ 5428019,
    6249511,
    8047778,
    8654683,
    12439494,
    0,
    18150618,
    13823994,
    6220585,
    14590350,
    7439406,
    3857420,
    11653818,
    11132291,
    3204052,
    16948886,
    17355907 ],
  [ 14252174,
    13798268,
    13342930,
    9498706,
    7275343,
    18150618,
    0,
    5866943,
    15503778,
    3614240,
    12739787,
    15326126,
    6525295,
    7612947,
    16451126,
    4040063,
    1114002 ],
  [ 8496218,
    19073430,
    8954546,
    9589111,
    13054359,
    13823994,
    5866943,
    0,
    11507007,
    5394325,
    18559674,
    16571306,
    8466244,
    3940088,
    10768401,
    9301838,
    6752819 ],
  [ 6071598,
    9341597,
    2577196,
    14442643,
    14697902,
    6220585,
    15503778,
    11507007,
    0,
    16863487,
    9909632,
    9009431,
    17450554,
    12591333,
    5331407,
    13639712,
    16492377 ],
  [ 11844090,
    13780765,
    14345827,
    6127654,
    8310835,
    14590350,
    3614240,
    5394325,
    16863487,
    0,
    13296775,
    13379144,
    3572750,
    4776453,
    13522380,
    7316392,
    3407895 ],
  [ 12854102,
    1205297,
    12418378,
    9972086,
    5511354,
    7439406,
    12739787,
    18559674,
    9909632,
    13296775,
    0,
    4118864,
    10516750,
    15868999,
    10589922,
    9545994,
    11820850 ],
  [ 9112077,
    2965238,
    11378248,
    7649399,
    8587793,
    3857420,
    15326126,
    16571306,
    9009431,
    13379144,
    4118864,
    0,
    9806397,
    12718558,
    7007140,
    13422823,
    14212254 ],
  [ 11555156,
    10619378,
    16563120,
    3077725,
    7098725,
    11653818,
    6525295,
    8466244,
    17450554,
    3572750,
    10516750,
    9806397,
    0,
    5954633,
    12119628,
    8980932,
    5760907 ],
  [ 7079661,
    15284733,
    10664039,
    5897982,
    12774254,
    11132291,
    7612947,
    3940088,
    12591333,
    4776453,
    15868999,
    12718558,
    5954633,
    0,
    8956707,
    11652999,
    7911762 ],
  [ 2272679,
    9420750,
    5989376,
    9158275,
    15572583,
    3204052,
    16451126,
    10768401,
    5331407,
    13522380,
    10589922,
    7007140,
    12119628,
    8956707,
    0,
    18954366,
    16861527 ],
  [ 17529330,
    10747781,
    13013912,
    11960069,
    5077735,
    16948886,
    4040063,
    9301838,
    13639712,
    7316392,
    9545994,
    13422823,
    8980932,
    11652999,
    18954366,
    0,
    3909967 ],
  [ 14871289,
    12816248,
    14445165,
    8817768,
    6312632,
    17355907,
    1114002,
    6752819,
    16492377,
    3407895,
    11820850,
    14212254,
    5760907,
    7911762,
    16861527,
    3909967,
    0 ] ]